0,573
364,5
364,4
364,3
364,2
364,1
364,0
363,3
363,2
363,1
363,0
362,4
362,3
362,2
362,1
362,0
361,4
361,3
361,2
361,1
361,0
360,4
360,3
360,2
360,1
360,0
359,3
359,2
359,1
359,0
358,5
358,4
358,3
358,2
358,1
358,0
357,3
357,2
357,1
357,0
356,4
356,3
356,2
356,1
356,0
355,4
355,3
355,2
355,1
355,0
354,4
354,3
354,2
354,1
354,0
353,3
353,2
353,1
353,0
0,572
0,571
352,5
352,4
352,3
352,2
352,1
352,0
351,3
351,2
351,1
351,0
350,4
350,3
350,2
350,1
350,0
349,4
349,3
349,2
349,1
349,0
348,4
348,3
348,2
348,1
348,0
347,3
347,2
347,1
347,0
346,5
346,4
346,3
346,2
346,1
346,0
345,3
345,2
345,1
345,0
344,4
344,3
344,2
344,1
344,0
343,4
343,3
343,2
343,1
343,0
342,4
342,3
342,2
342,1
342,0
341,3
341,2
341,1
341,0
340,5
0,570
340,4
340,3
340,2
340,1
340,0
339,3
339,2
339,1
339,0
338,4
338,3
338,2
338,1
338,0
337,4
337,3
337,2
337,1
337,0
336,4
336,3
336,2
336,1
336,0
335,3
335,2
335,1
335,0
0,569
334,5
334,4
334,3
334,2
334,1
334,0
333,3
333,2
333,1
333,0
332,4
332,3
332,2
332,1
332,0
0,568
331,4
331,3
331,2
331,1
331,0
0,567
330,4
330,3
330,2
330,1
330,0
329,3
329,2
329,1
329,0
0,566
328,5
328,4
328,3
328,2
328,1
328,0
327,3
327,2
327,1
327,0
326,4
326,3
326,2
326,1
326,0
325,4
325,3
325,2
325,1
325,0
324,4
324,3
324,2
324,1
324,0
323,3
323,2
323,1
323,0
322,5
322,4
322,3
322,2
322,1
322,0
321,3
321,2
321,1
321,0
320,4
320,3
320,2
320,1
320,0
319,4
319,3
319,2
319,1
319,0
318,4
318,3
318,2
318,1
318,0
317,3
317,2
317,1
317,0
316,5
0,565
316,4
316,3
316,2
316,1
316,0
315,3
315,2
315,1
315,0
314,4
314,3
314,2
314,1
314,0
313,4
313,3
313,2
313,1
313,0
312,4
312,3
312,2
312,1
312,0
311,3
311,2
311,1
311,0
0,564
310,5
310,4
310,3
310,2
310,1
310,0
309,3
309,2
309,1
309,0
308,4
308,3
308,2
308,1
308,0
307,4
307,3
307,2
307,1
307,0
306,4
306,3
306,2
306,1
306,0
305,3
305,2
305,1
305,0
304,5
304,4
304,3
304,2
304,1
304,0
303,3
303,2
303,1
303,0
302,4
302,3
302,2
302,1
302,0
301,4
301,3
301,2
301,1
301,0
300,4
300,3
300,2
300,1
300,0
299,3
299,2
299,1
299,0
298,5
298,4
298,3
298,2
298,1
298,0
297,3
297,2
297,1
297,0
296,4
296,3
296,2
296,1
296,0
295,4
295,3
295,2
295,1
295,0
294,4
294,3
294,2
294,1
294,0
293,3
293,2
293,1
293,0
0,563
292,5
292,4
292,3
292,2
292,1
292,0
291,3
291,2
291,1
291,0
290,4
290,3
290,2
290,1
290,0
289,4
289,3
289,2
289,1
289,0
288,4
288,3
288,2
288,1
288,0
287,3
287,2
287,1
287,0
286,5
286,4
286,3
286,2
286,1
286,0
285,3
285,2
285,1
285,0
284,4
284,3
284,2
284,1
284,0
283,4
283,3
283,2
283,1
283,0
282,4
282,3
282,2
282,1
282,0
281,3
281,2
281,1
281,0
280,5
280,4
280,3
280,2
280,1
280,0
279,3
279,2
279,1
279,0
278,4
278,3
278,2
278,1
278,0
277,4
277,3
277,2
277,1
277,0
276,4
276,3
276,2
276,1
276,0
275,3
275,2
275,1
275,0
0,562
0,561
0,560
